    23.907936790     2.229522650    25.000000000    
    22.691747850     2.925484300    25.000000000    
    21.434990430     0.815452840    25.000000000    
    21.427072900     2.254399670    25.000000000    
    20.148282050     0.079158350    25.000000000    
    20.145497360     2.987105640    25.000000000    
    20.105264710     7.362217290    25.000000000    
    20.105490350     4.398275420    25.000000000    
    18.895741350     0.809087370    25.000000000    
    18.894015090     2.255969260    25.000000000    
    18.894534650     6.614598710    25.000000000    
    18.894852000     5.145233000    25.000000000    
    17.646774010     0.084489490    25.000000000    
    17.646097480     2.980531730    25.000000000    
    17.642122640     7.330220830    25.000000000    
    17.642174450     4.428626200    25.000000000    
    16.392209850     0.812756740    25.000000000    
    16.392299850     6.600595830    25.000000000    
    16.392096330     5.157717210    25.000000000    
    16.392071660     2.252003440    25.000000000    
    15.142515370     7.329720580    25.000000000    
    15.141993540     4.428275670    25.000000000    
    15.137812200     0.084022220    25.000000000    
    15.137943800     2.980216200    25.000000000    
    13.890500810     6.613356940    25.000000000    
    13.889108100     5.144118560    25.000000000    
    13.888810100     0.808194690    25.000000000    
    13.890031560     2.255204770    25.000000000    
    12.679984710     7.360293020    25.000000000    
    12.678306500     4.396623130    25.000000000    
    12.637063340     0.077109000    25.000000000    
    12.638007360     2.985342820    25.000000000    
    22.689917550     0.133124700    25.000000000    
    11.350400070     0.811920770    25.000000000    
    11.357081310     2.250839710    25.000000000    
    10.096657760     0.127132600    25.000000000    
    10.091008460     2.919319540    25.000000000    
    23.944008580     0.795587000    25.000000000    
     8.841904720     0.787384360    25.000000000    
     8.876017000     2.221266360    25.000000000    
    25.270046220     7.291129360    25.000000000    
    25.235827950     0.031508330    25.000000000    
     7.515907900     7.281833940    25.000000000    
     7.550825850     0.022321330    25.000000000    
    26.484469380     6.592037090    25.000000000    
    26.490954760     0.691328050    25.000000000    
    27.750846790     7.259845820    25.000000000    
    27.744337700     0.005294700    25.000000000    
     6.300122410     6.585123120    25.000000000    
     6.296493360     0.683633970    25.000000000    
     5.034690850     7.255001710    25.000000000    
     5.042075230     0.000388640    25.000000000    
    29.031603770     6.524924920    25.000000000    
    29.031335950     0.739455320    25.000000000    
    29.071662230     5.113541000    25.000000000    
    29.074295280     2.149728400    25.000000000    
    30.283824430     7.254714370    25.000000000    
    30.283083040     0.008265120    25.000000000    
    30.282751250     4.366067050    25.000000000    
    30.284770240     2.896681140    25.000000000    
    31.531705220     6.529576390    25.000000000    
    31.532221620     0.732326080    25.000000000    
    31.535845040     5.081543420    25.000000000    
    31.536853620     2.180125480    25.000000000    
     3.753286940     6.521941550    25.000000000    
     3.755892140     0.736682660    25.000000000    
     3.713074750     5.110780920    25.000000000    
     3.713084200     2.147158170    25.000000000    
     2.501765540     7.253042600    25.000000000    
     2.503524670     0.006608360    25.000000000    
     2.502307020     4.363895600    25.000000000    
     2.502299310     2.894624180    25.000000000    
     1.253805200     6.528447880    25.000000000    
     1.254670230     0.731351490    25.000000000    
     1.249663090     5.080439930    25.000000000    
     1.250026790     2.179080810    25.000000000    
    32.786118820     7.257372350    25.000000000    
    32.785878330     4.351610310    25.000000000    
     0.000386640     2.908879360    25.000000000    
     0.000164750     0.003167960    25.000000000    

